1	0
2	0
3	0
4	0
5	0
6	0
7	0
8	0
9	0
10	0
11	0
12	0
13	0
14	0
15	0
16	0
17	0
18	0
19	0
20	12959961
21	3862651
22	1186380
23	385679
24	143124
25	65197
26	37727
27	27822
28	21138
29	17917
30	15470
31	13264
32	12123
33	10650
34	9536
35	8173
36	7575
37	6676
38	6021
39	5446
40	5029
41	4514
42	4014
43	3687
44	3304
45	3055
46	2763
47	2618
48	2403
49	2136
50	1983
51	1790
52	1769
53	1601
54	1524
55	1320
56	1267
57	1182
58	1171
59	1049
60	954
61	927
62	897
63	757
64	777
65	769
66	671
67	637
68	604
69	530
70	541
71	523
72	492
73	465
74	423
75	412
76	396
77	375
78	335
79	358
80	321
81	300
82	297
83	294
84	301
85	258
86	240
87	245
88	226
89	200
90	209
91	208
92	165
93	184
94	193
95	148
96	158
97	140
98	148
99	156
100	130
101	137
102	158
103	106
104	120
105	113
106	129
107	122
108	90
109	96
110	92
111	95
112	95
113	86
114	96
115	101
116	81
117	72
118	76
119	80
120	64
121	54
122	57
123	56
124	72
125	66
126	67
127	69
128	52
129	72
130	47
131	52
132	33
133	44
134	49
135	44
136	39
137	43
138	41
139	42
140	31
141	33
142	47
143	32
144	41
145	30
146	42
147	42
148	28
149	24
150	29
151	29
152	33
153	34
154	22
155	16
156	26
157	19
158	24
159	41
160	26
161	18
162	22
163	22
164	19
165	26
166	25
167	25
168	27
169	19
170	21
171	28
172	20
173	16
174	13
175	26
176	13
177	13
178	15
179	13
180	17
181	13
182	19
183	12
184	18
185	12
186	11
187	14
188	17
189	16
190	14
191	11
192	9
193	16
194	11
195	6
196	6
197	3
198	10
199	7
200	9
201	10
202	8
203	3
204	5
205	4
206	7
207	6
208	4
209	10
210	9
211	8
212	8
213	8
214	2
215	10
216	6
217	3
218	6
219	9
220	2
221	2
222	7
223	9
224	10
225	4
226	6
227	5
228	4
229	5
230	4
231	5
232	5
233	5
234	6
235	8
236	3
237	4
238	6
239	2
240	5
241	4
242	4
243	8
244	4
245	2
246	3
247	8
248	4
249	4
250	2
251	1
252	3
253	1
254	1
255	3
256	3
257	6
258	0
259	1
260	0
261	2
262	3
263	2
264	2
265	6
266	3
267	4
268	2
269	3
270	2
271	1
272	5
273	3
274	1
275	4
276	1
277	5
278	3
279	3
280	3
281	1
282	2
283	2
284	3
285	2
286	1
287	0
288	1
289	1
290	3
291	0
292	0
293	1
294	2
295	1
296	4
297	4
298	4
299	2
300	2
301	3
302	3
303	0
304	3
305	0
306	0
307	1
308	2
309	1
310	2
311	7
312	3
313	0
314	0
315	0
316	1
317	0
318	0
319	1
320	1
321	3
322	2
323	4
324	1
325	0
326	0
327	1
328	1
329	1
330	0
331	1
332	2
333	0
334	1
335	1
336	2
337	1
338	1
339	0
340	1
341	2
342	0
343	2
344	3
345	1
346	1
347	2
348	0
349	0
350	0
351	0
352	1
353	0
354	0
355	1
356	2
357	0
358	1
359	1
360	0
361	1
362	1
363	2
364	2
365	0
366	0
367	0
368	0
369	0
370	0
371	0
372	0
373	0
374	1
375	1
376	2
377	0
378	0
379	0
380	0
381	0
382	0
383	0
384	1
385	1
386	0
387	2
388	0
389	0
390	0
391	0
392	0
393	1
394	1
395	0
396	0
397	0
398	0
399	0
400	0
401	0
402	1
403	0
404	0
405	0
406	0
407	0
408	0
409	1
410	1
411	0
412	0
413	0
414	1
415	2
416	0
417	0
418	0
419	0
420	0
421	0
422	0
423	0
424	0
425	0
426	1
427	0
428	0
429	0
430	0
431	0
432	0
433	0
434	0
435	0
436	0
437	0
438	0
439	1
440	0
441	0
442	0
443	0
444	0
445	0
446	0
447	0
448	0
449	0
450	0
451	0
452	0
453	0
454	0
455	0
456	0
457	0
458	1
459	0
460	0
461	1
462	0
463	1
464	0
465	0
466	0
467	0
468	0
469	0
470	0
471	0
472	2
473	0
474	0
475	0
476	0
477	0
478	0
479	0
480	0
481	0
482	0
483	0
484	0
485	0
486	0
487	0
488	0
489	1
490	0
491	0
492	0
493	0
494	0
495	0
496	1
497	0
498	0
499	0
500	0
501	0
502	0
503	0
504	1
505	0
506	0
507	0
508	0
509	0
510	0
511	0
512	0
513	0
514	0
515	0
516	0
517	0
518	0
519	0
520	0
521	0
522	0
523	0
524	1
525	0
526	0
527	0
528	0
529	0
530	0
531	0
532	0
533	0
534	0
535	0
536	0
537	0
538	0
539	0
540	0
541	0
542	0
543	0
544	0
545	0
546	0
547	0
548	0
549	0
550	0
551	0
552	0
553	1
554	0
555	0
556	0
557	0
558	0
559	0
560	0
561	0
562	0
563	0
564	0
565	0
566	0
567	0
568	0
569	0
570	0
571	0
572	0
573	0
574	0
575	0
576	0
577	0
578	0
579	0
580	0
581	0
582	0
583	0
584	0
585	0
586	0
587	0
588	0
589	0
590	0
591	0
592	0
593	0
594	0
595	0
596	0
597	0
598	0
599	0
600	0
601	0
602	0
603	1
604	0
605	0
606	0
607	0
608	0
609	0
610	0
611	0
612	0
613	0
614	0
615	0
616	0
617	0
618	0
619	0
620	0
621	0
622	0
623	0
624	0
625	0
626	0
627	0
628	0
629	0
630	0
631	0
632	0
633	0
634	0
635	0
636	0
637	0
638	0
639	0
640	0
641	0
642	0
643	0
644	0
645	0
646	0
647	0
648	0
649	0
650	0
651	0
652	0
653	0
654	0
655	0
656	0
657	0
658	0
659	0
660	0
661	0
662	0
663	0
664	0
665	0
666	0
667	0
668	0
669	0
670	0
671	0
672	0
673	0
674	0
675	0
676	0
677	0
678	0
679	0
680	0
681	0
682	0
683	0
684	0
685	0
686	0
687	0
688	0
689	0
690	0
691	0
692	0
693	0
694	0
695	0
696	0
697	0
698	0
699	0
700	0
701	0
702	0
703	0
704	0
705	0
706	0
707	0
708	0
709	0
710	0
711	0
712	0
713	0
714	0
715	0
716	0
717	0
718	0
719	0
720	0
721	0
722	0
723	0
724	0
725	0
726	0
727	0
728	0
729	0
730	0
731	1
732	0
733	0
734	0
735	0
736	0
737	0
738	0
739	0
740	0
741	0
742	0
743	0
744	0
745	0
746	0
747	0
748	0
749	0
750	0
751	0
752	0
753	0
754	0
755	0
756	0
757	0
758	0
759	0
760	0
761	0
762	0
763	0
764	1
765	0
766	0
767	0
768	0
769	0
770	0
771	0
772	0
773	0
774	0
775	0
776	0
777	0
778	0
779	0
780	0
781	1
782	0
783	0
784	0
785	0
786	0
787	0
788	0
789	0
790	0
791	0
792	0
793	0
794	0
795	0
796	0
797	0
798	0
799	0
800	0
801	0
802	0
803	0
804	0
805	0
806	0
807	0
808	0
809	0
810	0
811	0
812	0
813	0
814	0
815	0
816	0
817	0
818	0
819	0
820	0
821	0
822	0
823	0
824	0
825	0
826	0
827	0
828	0
829	0
830	0
831	0
832	0
833	0
834	0
835	0
836	0
837	0
838	0
839	0
840	0
841	0
842	0
843	0
844	0
845	0
846	0
847	0
848	0
849	0
850	0
851	0
852	0
853	0
854	0
855	0
856	0
857	0
858	0
859	0
860	0
861	0
862	0
863	0
864	0
865	0
866	0
867	0
868	0
869	0
870	0
871	0
872	0
873	0
874	0
875	0
876	0
877	0
878	0
879	0
880	0
881	0
882	0
883	0
884	0
885	0
886	0
887	0
888	0
889	0
890	0
891	0
892	0
893	0
894	0
895	0
896	0
897	0
898	0
899	0
900	0
901	0
902	0
903	0
904	0
905	0
906	0
907	0
908	0
909	0
910	0
911	0
912	0
913	0
914	0
915	0
916	0
917	0
918	0
919	0
920	0
921	0
922	0
923	0
924	0
925	0
926	0
927	0
928	0
929	0
930	0
931	0
932	0
933	0
934	0
935	0
936	0
937	0
938	0
939	0
940	0
941	0
942	0
943	0
944	0
945	0
946	0
947	0
948	0
949	0
950	0
951	0
952	0
953	0
954	0
955	0
956	0
957	0
958	0
959	0
960	0
961	0
962	0
963	0
964	0
965	0
966	0
967	0
968	0
969	0
970	0
971	0
972	0
973	0
974	0
975	0
976	0
977	0
978	0
979	0
980	0
981	0
982	0
983	0
984	0
985	0
986	0
987	0
988	0
989	0
990	0
991	0
992	0
993	0
994	0
995	0
996	0
997	0
998	0
999	0
1000	0
